8201
8201
7710
7727
7820
7401
7709
7711
8501
8720
8001
8865
7620
7821
8801
8802
7712
7712
7713
8004
8400
8401
8402
8403
8404
8405
8406
8411
7716
8106
7822
8202
7001
7717
8803
8005
8006
8007
7920
7939
7939
8037
8742
7002
8721
8008
8722
7921
7718
8502
7109
8031
7715
7719
7719
7823
7621
7922
8009
7924
8010
8011
8012
8012
8096
7825
8504
7003
7403
8804
7603
7005
8505
8805
7720
7826
7890
8723
8723
8723
8723
8723
8724
8014
8302
8302
8807
8730
8203
8808
7926
8015
8857
7828
8310
8016
7405
7829
7006
7007
7830
8100
8101
8102
8103
8104
8105
8106
8107
8108
8109
8110
8110
8204
8204
8210
8212
7072
8069
7008
8018
7009
7927
8311
7831
7928
8019
8002
8003
8034
8034
8358
7930
8077
7066
8020
8510
8312
8021
8021
8021
7010
7721
7735
7011
7012
7013
7014
7015
7015
8809
7624
8204
8213
7722
7832
8022
7961
8511
8512
8570
7016
8514
7626
8515
8810
7723
8023
8313
8313
8075
7833
8314
8075
7627
8214
7834
8096
8315
8316
8317
7801
7802
7869
7869
7628
8812
8816
7936
7017
7018
7019
7073
7724
7724
7724
7020
8010
8817
8818
8820
8837
8215
8234
7740
7200
7201
7202
7202
7203
7204
7205
7205
7206
7207
7208
7215
7216
8318
7407
8217
7630
7631
7631
7632
7726
7021
8319
8025
8618
8628
8638
7704
7410
7004
8320
7022
7023
7931
7727
8821
7836
8822
8518
7932
8037
8863
8731
8640
7732
7024
7703
8321
7416
7417
8823
8322
7728
8825
8205
7026
7027
8026
8027
7933
7934
8028
7837
8826
7028
8029
7418
8030
8218
7838
8812
8219
7935
7839
8323
8032
7950
7093
7601
7602
7603
7604
7605
7606
7607
7608
7840
8035
8033
8036
7508
7419
8609
8610
8611
8619
8620
8629
8650
8690
8691
8037
8827
8038
7640
7029
8039
8008
7604
7420
7641
7730
8324
8828
7421
7842
8829
7422
8904
7732
8520
8844
7642
7205
7423
7030
7733
7777
7843
7844
8525
7731
7047
8526
7205
7845
7111
8830
8732
8527
8831
7097
7300
7302
7303
7304
7305
7306
7307
7308
7309
7310
7311
7399
8041
7846
8042
7734
7734
7032
7032
8832
8824
7033
7098
7847
7735
8528
7405
8040
7848
7034
7849
8733
8733
8759
8759
8701
8530
7850
8326
8734
8021
8879
8735
8045
8648
7851
8833
7852
8220
8327
7737
7605
7938
7035
7738
7036
8221
8222
8227
7424
7643
7739
8834
7039
7644
8008
7740
7853
8403
8048
7071
7939
7940
8049
7430
7495
7498
8328
8050
8736
8759
8738
8051
8835
8052
7040
8402
7746
8053
8223
8836
7747
8329
8330
7607
7428
8641
8055
8055
7945
8619
8109
8840
8056
8875
8846
7748
7855
7432
8848
7041
7946
8850
8332
8340
7803
8341
8342
7750
8852
8343
7827
7042
7042
7043
7044
7645
7045
7074
8057
8879
7751
7950
7960
7961
7962
7964
7856
8059
7970
8060
8054
7828
8061
7878
7046
7092
8062
8063
7752
7753
7753
7754
8853
7857
8899
8901
8902
8902
8903
8904
8905
8906
8922
8933
8988
8989
8533
8224
8064
7646
7748
7974
7976
7100
7101
7102
7102
7103
7105
7106
7107
7108
7109
7109
7110
7111
7114
7175
7183
7184
7185
7187
7188
7189
7190
7191
7192
7193
7194
7195
7197
7198
7199
8344
7435
8345
7860
8346
8347
8739
7031
7047
7047
8876
8902
8204
7099
7047
7060
8260
8225
7647
7647
7648
7110
7438
7755
7436
7712
8226
8740
7756
8230
7757
8231
7439
8857
7675
8858
7649
7050
7051
7051
7052
7052
8723
7863
7470
7650
8065
7652
7653
7656
8859
7054
7055
7057
7057
7500
7501
7502
7503
7504
7505
7506
7507
7508
7508
7508
7509
7510
7511
7512
7513
7514
7522
7524
7530
7533
7538
7543
7544
8066
7977
8067
8068
8534
8069
8070
7440
8535
8861
8863
8861
8862
8865
7806
8741
7058
8021
8854
8855
8071
8867
7060
7060
7060
7060
7060
7061
7062
7063
8536
8232
8233
7978
8742
8742
8240
7442
7444
8348
7758
7865
8349
7064
8241
7979
8540
8540
8540
8541
8542
8543
8544
8550
7508
8868
8072
7065
7065
7066
7067
7446
8073
7869
8869
8870
7701
7701
7703
7799
8350
8074
7657
7660
7450
7451
7452
8551
7456
8242
7661
7457
8075
8370
8077
7662
7866
7647
8553
8554
8555
7068
7203
7204
8556
8352
7760
7760
8078
7070
7071
7072
7073
7074
7075
7663
7458
8079
8871
8872
7870
7076
7760
8750
8243
8243
8302
8751
8752
7094
7096
8557
7077
8080
8353
8008
8723
7078
7702
8081
8558
8083
8244
8873
8875
8875
8890
8890
8876
8876
8877
8878
8879
8879
8879
8880
8876
7606
8245
8031
7079
7080
8882
8246
8360
7871
8884
7762
7762
7081
7874
8885
8886
7875
7980
7460
8559
8247
8084
8248
7701
7876
7901
7902
7999
7461
8008
7877
8085
7666
7688
7670
7608
7763
8086
8887
7724
8560
8753
8753
8753
8754
8755
8756
8757
7512
7082
7052
8243
7879
8600
8601
8602
8603
8604
8605
8606
8607
8608
8609
8610
8611
8618
8619
8620
8620
8625
8628
8629
8638
8640
8641
8645
8646
8647
8648
8648
8648
8650
8666
8677
8690
8691
8695
8250
8087
8012
7676
7083
7735
7087
7087
7043
7088
8406
7462
7044
7880
8251
8088
8360
8360
8043
7463
7719
7057
7881
7465
8758
7059
7882
7060
8089
7470
7470
7474
7477
7086
8090
8091
7006
7007
8092
7740
7666
7764
7480
7093
7052
7424
8628
7090
7091
7092
8093
7675
7675
7675
7675
7885
7981
8889
8888
8252
8759
7765
8260
8260
8260
8094
8046
8561
8095
7075
8270
7095
8096
8097
8098
8562
7481
8620
8890
501
544
6390
10001
10002
10003
10004
10005
10006
10007
10008
10009
10010
10011
10012
10013
10014
10015
10016
10017
10018
10019
10020
10021
10022
10023
10024
10025
10026
10027
10028
10029
10030
10031
10032
10033
10034
10035
10036
10037
10038
10039
10040
10041
10043
10044
10045
10046
10047
10048
10055
10060
10069
10072
10079
10080
10081
10082
10087
10090
10094
10095
10096
10098
10099
10101
10102
10103
10104
10105
10106
10107
10108
10109
10110
10111
10112
10113
10114
10115
10116
10117
10118
10119
10120
10121
10122
10123
10124
10125
10126
10128
10129
10130
10131
10132
10133
10138
10149
10150
10151
10152
10153
10154
10155
10156
10157
10158
10159
10160
10161
10162
10163
10164
10165
10166
10167
10168
10169
10170
10171
10172
10173
10174
10175
10176
10177
10178
10179
10184
10185
10196
10197
10199
10203
10211
10212
10213
10242
10249
10256
10257
10258
10259
10260
10261
10265
10268
10269
10270
10271
10272
10273
10274
10275
10276
10277
10278
10279
10280
10281
10282
10285
10286
10292
10301
10302
10303
10304
10305
10306
10307
10308
10309
10310
10311
10312
10313
10314
10451
10452
10453
10454
10455
10456
10457
10458
10459
10460
10461
10462
10463
10464
10465
10466
10467
10468
10469
10470
10471
10472
10473
10474
10475
10499
10501
10502
10503
10504
10505
10506
10507
10509
10510
10511
10512
10514
10516
10517
10518
10519
10520
10521
10522
10523
10524
10526
10527
10528
10530
10532
10533
10535
10536
10537
10538
10540
10541
10542
10543
10545
10546
10547
10548
10549
10550
10551
10552
10553
10557
10558
10560
10562
10566
10567
10570
10571
10572
10573
10576
10577
10578
10579
10580
10583
10587
10588
10589
10590
10591
10594
10595
10596
10597
10598
10601
10602
10603
10604
10605
10606
10607
10610
10701
10702
10703
10704
10705
10706
10707
10708
10709
10710
10801
10802
10803
10804
10805
10901
10910
10911
10912
10913
10914
10915
10916
10917
10918
10919
10920
10921
10922
10923
10924
10925
10926
10927
10928
10930
10931
10932
10933
10940
10941
10943
10949
10950
10952
10953
10954
10956
10958
10959
10960
10962
10963
10964
10965
10968
10969
10970
10973
10974
10975
10976
10977
10979
10980
10981
10982
10983
10984
10985
10986
10987
10988
10989
10990
10992
10993
10994
10996
10997
10998
11001
11002
11003
11004
11005
11010
11020
11021
11022
11023
11024
11025
11026
11027
11030
11040
11041
11042
11043
11044
11050
11051
11052
11053
11054
11055
11096
11099
11101
11102
11103
11104
11105
11106
11109
11120
11201
11202
11203
11204
11205
11206
11207
11208
11209
11210
11211
11212
11213
11214
11215
11216
11217
11218
11219
11220
11221
11222
11223
11224
11225
11226
11228
11229
11230
11231
11232
11233
11234
11235
11236
11237
11238
11239
11240
11241
11242
11243
11244
11245
11247
11248
11249
11251
11252
11254
11255
11256
11351
11352
11354
11355
11356
11357
11358
11359
11360
11361
11362
11363
11364
11365
11366
11367
11368
11369
11370
11371
11372
11373
11374
11375
11377
11378
11379
11380
11381
11385
11386
11390
11405
11411
11412
11413
11414
11415
11416
11417
11418
11419
11420
11421
11422
11423
11424
11425
11426
11427
11428
11429
11430
11431
11432
11433
11434
11435
11436
11439
11451
11499
11501
11507
11509
11510
11514
11516
11518
11520
11530
11531
11535
11536
11542
11545
11547
11548
11549
11550
11551
11552
11553
11554
11555
11556
11557
11558
11559
11560
11561
11563
11565
11566
11568
11569
11570
11571
11572
11575
11576
11577
11579
11580
11581
11582
11590
11592
11594
11595
11596
11597
11598
11599
11690
11691
11692
11693
11694
11695
11697
11701
11702
11703
11704
11705
11706
11707
11708
11709
11710
11713
11714
11715
11716
11717
11718
11719
11720
11721
11722
11724
11725
11726
11727
11729
11730
11731
11732
11733
11735
11736
11737
11738
11739
11740
11741
11742
11743
11746
11747
11749
11750
11751
11752
11753
11754
11755
11756
11757
11758
11760
11762
11763
11764
11765
11766
11767
11768
11769
11770
11771
11772
11773
11774
11775
11776
11777
11778
11779
11780
11782
11783
11784
11786
11787
11788
11789
11790
11791
11792
11793
11794
11795
11796
11797
11798
11801
11802
11803
11804
11815
11819
11853
11854
11855
11901
11930
11931
11932
11933
11934
11935
11937
11939
11940
11941
11942
11944
11946
11947
11948
11949
11950
11951
11952
11953
11954
11955
11956
11957
11958
11959
11960
11961
11962
11963
11964
11965
11967
11968
11969
11970
11971
11972
11973
11975
11976
11977
11978
11980
12007
12008
12009
12010
12015
12016
12017
12018
12019
12020
12022
12023
12024
12025
12027
12028
12029
12031
12032
12033
12035
12036
12037
12040
12041
12042
12043
12045
12046
12047
12050
12051
12052
12053
12054
12055
12056
12057
12058
12059
12060
12061
12062
12063
12064
12065
12066
12067
12068
12069
12070
12071
12072
12073
12074
12075
12076
12077
12078
12082
12083
12084
12085
12086
12087
12089
12090
12092
12093
12094
12095
12106
12107
12108
12110
12115
12116
12117
12118
12120
12121
12122
12123
12124
12125
12128
12130
12131
12132
12133
12134
12136
12137
12138
12139
12140
12141
12143
12144
12147
12148
12149
12150
12151
12153
12154
12155
12156
12157
12158
12159
12160
12161
12164
12165
12166
12167
12168
12169
12170
12172
12173
12174
12175
12176
12177
12180
12181
12182
12183
12184
12185
12186
12187
12188
12189
12190
12192
12193
12194
12195
12196
12197
12198
12201
12202
12203
12204
12205
12206
12207
12208
12209
12210
12211
12212
12214
12220
12222
12223
12224
12225
12226
12227
12228
12229
12230
12231
12232
12233
12234
12235
12236
12237
12238
12239
12240
12241
12242
12243
12244
12245
12246
12247
12248
12249
12250
12252
12255
12256
12257
12260
12261
12288
12301
12302
12303
12304
12305
12306
12307
12308
12309
12325
12345
12401
12402
12404
12405
12406
12407
12409
12410
12411
12412
12413
12414
12416
12417
12418
12419
12420
12421
12422
12423
12424
12427
12428
12429
12430
12431
12432
12433
12434
12435
12436
12438
12439
12440
12441
12442
12443
12444
12446
12448
12449
12450
12451
12452
12453
12454
12455
12456
12457
12458
12459
12460
12461
12463
12464
12465
12466
12468
12469
12470
12471
12472
12473
12474
12475
12477
12480
12481
12482
12483
12484
12485
12486
12487
12489
12490
12491
12492
12493
12494
12495
12496
12498
12501
12502
12503
12504
12506
12507
12508
12510
12511
12512
12513
12514
12515
12516
12517
12518
12520
12521
12522
12523
12524
12525
12526
12527
12528
12529
12530
12531
12533
12534
12537
12538
12540
12541
12542
12543
12544
12545
12546
12547
12548
12549
12550
12551
12552
12553
12555
12561
12563
12564
12565
12566
12567
12568
12569
12570
12571
12572
12574
12575
12577
12578
12580
12581
12582
12583
12584
12585
12586
12588
12589
12590
12592
12593
12594
12601
12602
12603
12604
12701
12719
12720
12721
12722
12723
12724
12725
12726
12727
12729
12732
12733
12734
12736
12737
12738
12740
12741
12742
12743
12745
12746
12747
12748
12749
12750
12751
12752
12754
12758
12759
12760
12762
12763
12764
12765
12766
12767
12768
12769
12770
12771
12775
12776
12777
12778
12779
12780
12781
12783
12784
12785
12786
12787
12788
12789
12790
12791
12792
12801
12803
12804
12808
12809
12810
12811
12812
12814
12815
12816
12817
12819
12820
12821
12822
12823
12824
12827
12828
12831
12832
12833
12834
12835
12836
12837
12838
12839
12841
12842
12843
12844
12845
12846
12847
12848
12849
12850
12851
12852
12853
12854
12855
12856
12857
12858
12859
12860
12861
12862
12863
12864
12865
12866
12870
12871
12872
12873
12874
12878
12879
12883
12884
12885
12886
12887
12901
12903
12910
12911
12912
12913
12914
12915
12916
12917
12918
12919
12920
12921
12922
12923
12924
12926
12927
12928
12929
12930
12932
12933
12934
12935
12936
12937
12939
12941
12942
12943
12944
12945
12946
12949
12950
12952
12953
12955
12956
12957
12958
12959
12960
12961
12962
12964
12965
12966
12967
12969
12970
12972
12973
12974
12975
12976
12977
12978
12979
12980
12981
12983
12985
12986
12987
12989
12992
12993
12995
12996
12997
12998
13020
13021
13022
13024
13026
13027
13028
13029
13030
13031
13032
13033
13034
13035
13036
13037
13039
13040
13041
13042
13043
13044
13045
13051
13052
13053
13054
13056
13057
13060
13061
13062
13063
13064
13065
13066
13068
13069
13071
13072
13073
13074
13076
13077
13078
13080
13081
13082
13083
13084
13087
13088
13089
13090
13092
13093
13101
13102
13103
13104
13107
13108
13110
13111
13112
13113
13114
13115
13116
13117
13118
13119
13120
13121
13122
13123
13124
13126
13131
13132
13134
13135
13136
13137
13138
13139
13140
13141
13142
13143
13144
13145
13146
13147
13148
13152
13153
13154
13155
13156
13157
13158
13159
13160
13162
13163
13164
13165
13166
13167
13201
13202
13203
13204
13205
13206
13207
13208
13209
13210
13211
13212
13214
13215
13217
13218
13219
13220
13221
13224
13225
13235
13244
13250
13251
13252
13261
13290
13301
13302
13303
13304
13305
13308
13309
13310
13312
13313
13314
13315
13316
13317
13318
13319
13320
13321
13322
13323
13324
13325
13326
13327
13328
13329
13331
13332
13333
13334
13335
13337
13338
13339
13340
13341
13342
13343
13345
13346
13348
13350
13352
13353
13354
13355
13357
13360
13361
13362
13363
13364
13365
13367
13368
13401
13402
13403
13404
13406
13407
13408
13409
13410
13411
13413
13415
13416
13417
13418
13420
13421
13424
13425
13426
13428
13431
13433
13435
13436
13437
13438
13439
13440
13441
13442
13449
13450
13452
13454
13455
13456
13457
13459
13460
13461
13464
13465
13468
13469
13470
13471
13472
13473
13475
13476
13477
13478
13479
13480
13482
13483
13484
13485
13486
13488
13489
13490
13491
13492
13493
13494
13495
13501
13502
13503
13504
13505
13599
13601
13602
13603
13605
13606
13607
13608
13611
13612
13613
13614
13615
13616
13617
13618
13619
13620
13621
13622
13623
13624
13625
13626
13627
13628
13630
13631
13632
13633
13634
13635
13636
13637
13638
13639
13640
13641
13642
13643
13645
13646
13647
13648
13649
13650
13651
13652
13654
13655
13656
13657
13658
13659
13660
13661
13662
13664
13665
13666
13667
13668
13669
13670
13671
13672
13673
13674
13675
13676
13677
13678
13679
13680
13681
13682
13683
13684
13685
13687
13690
13691
13692
13693
13694
13695
13696
13697
13699
13730
13731
13732
13733
13734
13736
13737
13738
13739
13740
13743
13744
13745
13746
13747
13748
13749
13750
13751
13752
13753
13754
13755
13756
13757
13758
13760
13761
13762
13763
13774
13775
13776
13777
13778
13780
13782
13783
13784
13786
13787
13788
13790
13794
13795
13796
13797
13801
13802
13803
13804
13806
13807
13808
13809
13810
13811
13812
13813
13814
13815
13820
13825
13826
13827
13830
13832
13833
13834
13835
13837
13838
13839
13840
13841
13842
13843
13844
13845
13846
13847
13848
13849
13850
13851
13856
13859
13860
13861
13862
13863
13864
13865
13901
13902
13903
13904
13905
14001
14004
14005
14006
14008
14009
14010
14011
14012
14013
14020
14021
14024
14025
14026
14027
14028
14029
14030
14031
14032
14033
14034
14035
14036
14037
14038
14039
14040
14041
14042
14043
14047
14048
14051
14052
14054
14055
14056
14057
14058
14059
14060
14061
14062
14063
14065
14066
14067
14068
14069
14070
14072
14075
14080
14081
14082
14083
14085
14086
14091
14092
14094
14095
14098
14101
14102
14103
14105
14107
14108
14109
14110
14111
14112
14113
14120
14125
14126
14127
14129
14130
14131
14132
14133
14134
14135
14136
14138
14139
14140
14141
14143
14144
14145
14150
14151
14166
14167
14168
14169
14170
14171
14172
14173
14174
14201
14202
14203
14204
14205
14206
14207
14208
14209
14210
14211
14212
14213
14214
14215
14216
14217
14218
14219
14220
14221
14222
14223
14224
14225
14226
14227
14228
14231
14233
14240
14241
14260
14261
14263
14264
14265
14267
14269
14270
14272
14273
14276
14280
14301
14302
14303
14304
14305
14410
14411
14413
14414
14415
14416
14418
14420
14422
14423
14424
14425
14427
14428
14429
14430
14432
14433
14435
14437
14441
14443
14445
14449
14450
14452
14453
14454
14456
14461
14462
14463
14464
14466
14467
14468
14469
14470
14471
14472
14475
14476
14477
14478
14479
14480
14481
14482
14485
14486
14487
14488
14489
14502
14504
14505
14506
14507
14508
14510
14511
14512
14513
14514
14515
14516
14517
14518
14519
14520
14521
14522
14525
14526
14527
14529
14530
14532
14533
14534
14536
14537
14538
14539
14541
14542
14543
14544
14545
14546
14547
14548
14549
14550
14551
14555
14556
14557
14558
14559
14560
14561
14563
14564
14568
14569
14571
14572
14580
14585
14586
14588
14589
14590
14591
14592
14602
14603
14604
14605
14606
14607
14608
14609
14610
14611
14612
14613
14614
14615
14616
14617
14618
14619
14620
14621
14622
14623
14624
14625
14626
14627
14638
14639
14642
14643
14644
14645
14646
14647
14649
14650
14651
14652
14653
14664
14673
14683
14692
14694
14701
14702
14706
14707
14708
14709
14710
14711
14712
14714
14715
14716
14717
14718
14719
14720
14721
14722
14723
14724
14726
14727
14728
14729
14730
14731
14732
14733
14735
14736
14737
14738
14739
14740
14741
14742
14743
14744
14745
14747
14748
14750
14751
14752
14753
14754
14755
14756
14757
14758
14760
14766
14767
14769
14770
14772
14774
14775
14777
14778
14779
14781
14782
14783
14784
14785
14786
14787
14788
14801
14802
14803
14804
14805
14806
14807
14808
14809
14810
14812
14813
14814
14815
14816
14817
14818
14819
14820
14821
14822
14823
14824
14825
14826
14827
14830
14831
14836
14837
14838
14839
14840
14841
14842
14843
14845
14846
14847
14850
14851
14852
14853
14854
14855
14856
14857
14858
14859
14860
14861
14863
14864
14865
14867
14869
14870
14871
14872
14873
14874
14876
14877
14878
14879
14880
14881
14882
14883
14884
14885
14886
14887
14889
14891
14892
14893
14894
14895
14897
14898
14901
14902
14903
14904
14905
14925
15001
15003
15004
15005
15006
15007
15009
15010
15012
15014
15015
15017
15018
15019
15020
15021
15022
15024
15025
15026
15027
15028
15030
15031
15032
15033
15034
15035
15037
15038
15042
15043
15044
15045
15046
15047
15049
15050
15051
15052
15053
15054
15055
15056
15057
15059
15060
15061
15062
15063
15064
15065
15066
15067
15068
15069
15071
15072
15074
15075
15076
15077
15078
15081
15082
15083
15084
15085
15086
15087
15088
15089
15090
15091
15095
15096
15101
15102
15104
15106
15108
15110
15112
15116
15120
15122
15123
15126
15127
15129
15131
15132
15133
15134
15135
15136
15137
15139
15140
15142
15143
15144
15145
15146
15147
15148
15201
15202
15203
15204
15205
15206
15207
15208
15209
15210
15211
15212
15213
15214
15215
15216
15217
15218
15219
15220
15221
15222
15223
15224
15225
15226
15227
15228
15229
15230
15231
15232
15233
15234
15235
15236
15237
15238
15239
15240
15241
15242
15243
15244
15250
15251
15252
15253
15254
15255
15257
15258
15259
15260
15261
15262
15263
15264
15265
15267
15268
15270
15272
15274
15275
15276
15277
15278
15279
15281
15282
15283
15285
15286
15289
15290
15295
15301
15310
15311
15312
15313
15314
15315
15316
15317
15320
15321
15322
15323
15324
15325
15327
15329
15330
15331
15332
15333
15334
15336
15337
15338
15339
15340
15341
15342
15344
15345
15346
15347
15348
15349
15350
15351
15352
15353
15357
15358
15359
15360
15361
15362
15363
15364
15365
15366
15367
15368
15370
15376
15377
15378
15379
15380
15401
15410
15411
15412
15413
15415
15416
15417
15419
15420
15421
15422
15423
15424
15425
15427
15428
15429
15430
15431
15432
15433
15434
15435
15436
15437
15438
15439
15440
15442
15443
15444
15445
15446
15447
15448
15449
15450
15451
15454
15455
15456
15458
15459
15460
15461
15462
15463
15464
15465
15466
15467
15468
15469
15470
15472
15473
15474
15475
15476
15477
15478
15479
15480
15482
15483
15484
15485
15486
15488
15489
15490
15492
15501
15502
15510
15520
15521
15522
15530
15531
15532
15533
15534
15535
15536
15537
15538
15539
15540
15541
15542
15544
15545
15546
15547
15548
15549
15550
15551
15552
15553
15554
15555
15557
15558
15559
15560
15561
15562
15563
15564
15565
15601
15605
15606
15610
15611
15612
15613
15615
15616
15617
15618
15619
15620
15621
15622
15623
15624
15625
15626
15627
15628
15629
15631
15632
15633
15634
15635
15636
15637
15638
15639
15640
15641
15642
15644
15646
15647
15650
15655
15656
15658
15660
15661
15662
15663
15664
15665
15666
15668
15670
15671
15672
15673
15674
15675
15676
15677
15678
15679
15680
15681
15682
15683
15684
15685
15686
15687
15688
15689
15690
15691
15692
15693
15695
15696
15697
15698
15701
15705
15710
15711
15712
15713
15714
15715
15716
15717
15720
15721
15722
15723
15724
15725
15727
15728
15729
15730
15731
15732
15733
15734
15736
15737
15738
15739
15740
15741
15742
15744
15745
15746
15747
15748
15750
15752
15753
15754
15756
15757
15758
15759
15760
15761
15762
15763
15764
15765
15767
15770
15771
15772
15773
15774
15775
15776
15777
15778
15779
15780
15781
15783
15784
15801
15821
15822
15823
15824
15825
15827
15828
15829
15831
15832
15834
15840
15841
15845
15846
15847
15848
15849
15851
15853
15856
15857
15860
15861
15863
15864
15865
15866
15868
15870
15901
15902
15904
15905
15906
15907
15909
15915
15920
15921
15922
15923
15924
15925
15926
15927
15928
15929
15930
15931
15934
15935
15936
15937
15938
15940
15942
15943
15944
15945
15946
15948
15949
15951
15952
15953
15954
15955
15956
15957
15958
15959
15960
15961
15962
15963
16001
16002
16003
16016
16017
16018
16020
16021
16022
16023
16024
16025
16027
16028
16029
16030
16033
16034
16035
16036
16037
16038
16039
16040
16041
16045
16046
16048
16049
16050
16051
16052
16053
16054
16055
16056
16057
16058
16059
16061
16063
16066
16101
16102
16103
16105
16107
16108
16110
16111
16112
16113
16114
16115
16116
16117
16120
16121
16123
16124
16125
16127
16130
16131
16132
16133
16134
16136
16137
16140
16141
16142
16143
16145
16146
16148
16150
16151
16153
16154
16155
16156
16157
16159
16160
16161
16172
16201
16210
16211
16212
16213
16214
16215
16217
16218
16220
16221
16222
16223
16224
16225
16226
16228
16229
16230
16232
16233
16234
16235
16236
16238
16239
16240
16242
16244
16245
16246
16248
16249
16250
16253
16254
16255
16256
16257
16258
16259
16260
16261
16262
16263
16301
16311
16312
16313
16314
16316
16317
16319
16321
16322
16323
16326
16327
16328
16329
16331
16332
16333
16334
16335
16340
16341
16342
16343
16344
16345
16346
16347
16350
16351
16352
16353
16354
16360
16361
16362
16364
16365
16366
16367
16368
16369
16370
16371
16372
16373
16374
16375
16388
16401
16402
16403
16404
16405
16406
16407
16410
16411
16412
16413
16415
16416
16417
16420
16421
16422
16423
16424
16426
16427
16428
16430
16432
16433
16434
16435
16436
16438
16440
16441
16442
16443
16444
16475
16501
16502
16503
16504
16505
16506
16507
16508
16509
16510
16511
16512
16514
16515
16522
16530
16531
16532
16533
16534
16538
16541
16544
16546
16550
16553
16554
16563
16565
16601
16602
16603
16611
16613
16616
16617
16619
16620
16621
16622
16623
16624
16625
16627
16629
16630
16631
16633
16634
16635
16636
16637
16638
16639
16640
16641
16644
16645
16646
16647
16648
16650
16651
16652
16654
16655
16656
16657
16659
16660
16661
16662
16663
16664
16665
16666
16667
16667
16668
16669
16670
16671
16672
16673
16674
16675
16677
16678
16679
16680
16681
16682
16683
16684
16685
16686
16689
16691
16692
16693
16694
16695
16698
16699
16701
16720
16724
16725
16726
16727
16728
16729
16730
16731
16732
16733
16734
16735
16738
16740
16743
16744
16745
16746
16748
16749
16750
16801
16802
16803
16804
16805
16820
16821
16822
16823
16825
16826
16827
16828
16829
16830
16832
16833
16834
16835
16836
16837
16838
16839
16840
16841
16843
16844
16845
16847
16848
16849
16850
16851
16852
16853
16854
16855
16856
16858
16859
16860
16861
16863
16864
16865
16866
16868
16870
16871
16872
16873
16874
16875
16876
16877
16878
16879
16881
16882
16901
16910
16911
16912
16914
16915
16917
16918
16920
16921
16922
16923
16925
16926
16927
16928
16929
16930
16932
16933
16935
16936
16937
16938
16939
16940
16941
16942
16943
16945
16946
16947
16948
16950
17001
17002
17003
17004
17005
17006
17007
17008
17009
17010
17011
17012
17013
17014
17015
17016
17017
17018
17019
17020
17021
17022
17023
17024
17025
17026
17027
17028
17029
17030
17032
17033
17034
17035
17036
17037
17038
17039
17040
17041
17042
17043
17044
17045
17046
17047
17048
17049
17050
17051
17052
17053
17054
17055
17056
17057
17058
17059
17060
17061
17062
17063
17064
17065
17066
17067
17068
17069
17070
17071
17072
17073
17074
17075
17076
17077
17078
17080
17081
17082
17083
17084
17085
17086
17087
17088
17089
17090
17091
17093
17094
17097
17098
17099
17101
17102
17103
17104
17105
17106
17107
17108
17109
17110
17111
17112
17113
17120
17121
17122
17123
17124
17125
17126
17127
17128
17129
17130
17140
17177
17201
17210
17211
17212
17213
17214
17215
17217
17219
17220
17221
17222
17223
17224
17225
17228
17229
17231
17232
17233
17235
17236
17237
17238
17239
17240
17241
17243
17244
17246
17247
17249
17250
17251
17252
17253
17254
17255
17256
17257
17260
17261
17262
17263
17264
17265
17266
17267
17268
17270
17271
17272
17301
17302
17303
17304
17306
17307
17309
17310
17311
17312
17313
17314
17315
17316
17317
17318
17319
17320
17321
17322
17323
17324
17325
17326
17327
17329
17331
17332
17333
17334
17337
17339
17340
17342
17343
17344
17345
17347
17349
17350
17352
17353
17354
17355
17356
17358
17360
17361
17362
17363
17364
17365
17366
17368
17370
17371
17372
17375
17401
17402
17403
17404
17405
17406
17407
17408
17415
17501
17502
17503
17504
17505
17506
17507
17508
17509
17512
17516
17517
17518
17519
17520
17521
17522
17527
17528
17529
17532
17533
17534
17535
17536
17537
17538
17540
17543
17545
17547
17549
17550
17551
17552
17554
17555
17557
17560
17562
17563
17564
17565
17566
17567
17568
17569
17570
17572
17573
17575
17576
17578
17579
17580
17581
17582
17583
17584
17585
17601
17602
17603
17604
17605
17606
17607
17608
17611
17699
17701
17702
17703
17705
17720
17721
17723
17724
17726
17727
17728
17729
17730
17731
17735
17737
17738
17739
17740
17742
17744
17745
17747
17748
17749
17750
17751
17752
17754
17756
17758
17760
17762
17763
17764
17765
17767
17768
17769
17771
17772
17773
17774
17776
17777
17778
17779
17801
17810
17812
17813
17814
17815
17820
17821
17822
17823
17824
17827
17829
17830
17831
17832
17833
17834
17835
17836
17837
17839
17840
17841
17842
17843
17844
17845
17846
17847
17850
17851
17853
17855
17856
17857
17858
17859
17860
17861
17862
17864
17865
17866
17867
17868
17870
17872
17876
17877
17878
17880
17881
17882
17883
17884
17885
17886
17887
17888
17889
17901
17920
17921
17922
17923
17925
17929
17930
17931
17932
17933
17934
17935
17936
17938
17941
17942
17943
17944
17945
17946
17948
17949
17951
17952
17953
17954
17957
17959
17960
17961
17963
17964
17965
17966
17967
17968
17970
17972
17974
17976
17978
17979
17980
17981
17982
17983
17985
18001
18002
18003
18010
18011
18012
18013
18014
18015
18016
18017
18018
18020
18025
18030
18031
18032
18034
18035
18036
18037
18038
18039
18040
18041
18042
18043
18044
18045
18046
18049
18050
18051
18052
18053
18054
18055
18056
18058
18059
18060
18062
18063
18064
18065
18066
18067
18068
18069
18070
18071
18072
18073
18074
18076
18077
18078
18079
18080
18081
18083
18084
18085
18086
18087
18088
18091
18092
18098
18099
18101
18102
18103
18104
18105
18106
18109
18175
18195
18201
18202
18210
18211
18212
18214
18216
18218
18219
18220
18221
18222
18223
18224
18225
18229
18230
18231
18232
18234
18235
18237
18239
18240
18241
18242
18244
18245
18246
18247
18248
18249
18250
18251
18252
18254
18255
18256
18301
18302
18320
18321
18322
18323
18324
18325
18326
18327
18328
18330
18331
18332
18333
18334
18335
18336
18337
18340
18341
18342
18343
18344
18346
18347
18348
18349
18350
18351
18352
18353
18354
18355
18356
18357
18360
18370
18371
18372
18373
18403
18405
18407
18410
18411
18413
18414
18415
18416
18417
18419
18420
18421
18424
18425
18426
18427
18428
18430
18431
18433
18434
18435
18436
18437
18438
18439
18440
18441
18443
18444
18445
18446
18447
18448
18449
18451
18452
18453
18454
18455
18456
18457
18458
18459
18460
18461
18462
18463
18464
18465
18466
18469
18470
18471
18472
18473
18501
18502
18503
18504
18505
18507
18508
18509
18510
18512
18514
18515
18517
18518
18519
18522
18540
18577
18601
18602
18603
18610
18611
18612
18614
18615
18616
18617
18618
18619
18621
18622
18623
18624
18625
18626
18627
18628
18629
18630
18631
18632
18634
18635
18636
18640
18641
18642
18643
18644
18651
18653
18654
18655
18656
18657
18660
18661
18690
18701
18702
18703
18704
18705
18706
18707
18708
18709
18710
18711
18762
18764
18765
18766
18767
18769
18773
18801
18810
18812
18813
18814
18815
18816
18817
18818
18820
18821
18822
18823
18824
18825
18826
18827
18828
18829
18830
18831
18832
18833
18834
18837
18840
18842
18843
18844
18845
18846
18847
18848
18850
18851
18853
18854
18901
18902
18910
18911
18912
18913
18914
18915
18916
18917
18918
18920
18921
18922
18923
18924
18925
18926
18927
18928
18929
18930
18931
18932
18933
18934
18935
18936
18938
18940
18942
18943
18944
18946
18947
18949
18950
18951
18953
18954
18955
18956
18957
18958
18960
18962
18963
18964
18966
18968
18969
18970
18971
18972
18974
18976
18977
18979
18980
18981
18991
19001
19002
19003
19004
19006
19007
19008
19009
19010
19012
19013
19014
19015
19016
19017
19018
19019
19020
19021
19022
19023
19025
19026
19027
19028
19029
19030
19031
19032
19033
19034
19035
19036
19037
19038
19039
19040
19041
19043
19044
19046
19047
19048
19049
19050
19052
19053
19054
19055
19056
19057
19058
19061
19063
19064
19065
19066
19067
19070
19072
19073
19074
19075
19076
19078
19079
19080
19081
19082
19083
19085
19086
19087
19088
19089
19090
19091
19092
19093
19094
19095
19096
19098
19099
19101
19102
19103
19104
19105
19106
19107
19108
19109
19110
19111
19112
19113
19114
19115
19116
19118
19119
19120
19121
19122
19123
19124
19125
19126
19127
19128
19129
19130
19131
19132
19133
19134
19135
19136
19137
19138
19139
19140
19141
19142
19143
19144
19145
19146
19147
19148
19149
19150
19151
19152
19153
19154
19155
19160
19161
19162
19170
19171
19172
19173
19175
19176
19177
19178
19179
19181
19182
19183
19184
19185
19187
19188
19191
19192
19193
19194
19195
19196
19197
19244
19255
19301
19310
19311
19312
19316
19317
19318
19319
19320
19330
19331
19333
19335
19339
19340
19341
19342
19343
19344
19345
19346
19347
19348
19350
19351
19352
19353
19354
19355
19357
19358
19360
19362
19363
19365
19366
19367
19369
19371
19372
19373
19374
19375
19376
19380
19381
19382
19383
19390
19395
19397
19398
19399
19401
19403
19404
19405
19406
19407
19408
19409
19415
19420
19421
19422
19423
19424
19425
19426
19428
19429
19430
19432
19435
19436
19437
19438
19440
19441
19442
19443
19444
19446
19450
19451
19453
19454
19455
19456
19457
19460
19462
19464
19465
19468
19470
19472
19473
19474
19475
19477
19478
19480
19481
19482
19483
19484
19485
19486
19487
19488
19489
19490
19492
19493
19494
19495
19496
19501
19503
19504
19505
19506
19507
19508
19510
19511
19512
19516
19518
19519
19520
19522
19523
19525
19526
19529
19530
19533
19534
19535
19536
19538
19539
19540
19541
19542
19543
19544
19545
19547
19548
19549
19550
19551
19554
19555
19559
19560
19562
19564
19565
19567
19601
19602
19603
19604
19605
19606
19607
19608
19609
19610
19611
19612
19640

